6
Min:3.700000
Max:5.200000
Avg:4.170000
Std:0.481491
